Generation | Avg fitness | Max fitness

1 0.0625 0.0625
2 0.0569 0.0625
3 0.0542 0.0625
4 0.0563 0.0714
5 0.0663 0.0714
6 0.0702 0.0833
7 0.0712 0.0833
8 0.068 0.0833
9 0.0703 0.0833
10 0.0693 0.0833
11 0.0652 0.0714
12 0.0682 0.0833
13 0.0654 0.0714
14 0.0632 0.0833
15 0.0615 0.0714
16 0.0634 0.0833
17 0.0595 0.0714
18 0.0614 0.0714
19 0.0696 0.0833
20 0.08 0.1
21 0.0696 0.0833
22 0.0736 0.0833
23 0.0723 0.1
24 0.0802 0.1
25 0.0901 0.1
26 0.0843 0.1
27 0.0815 0.1
28 0.0789 0.0833
29 0.0807 0.1
30 0.0827 0.125
31 0.0749 0.1
32 0.0749 0.1
33 0.0738 0.0833
34 0.083 0.1
35 0.0744 0.0833
36 0.075 0.0833
37 0.0685 0.0833
38 0.0673 0.0833
39 0.0714 0.0833
40 0.0739 0.1
41 0.0702 0.0833
42 0.0679 0.0833
43 0.0614 0.0714
44 0.0674 0.0833
45 0.069 0.0833
46 0.072 0.0833
47 0.0813 0.1
48 0.0764 0.1
49 0.0921 0.1
50 0.0851 0.125
51 0.0779 0.1
52 0.083 0.125
53 0.0827 0.1
54 0.0785 0.1
55 0.086 0.1
56 0.0815 0.125
57 0.0843 0.1
58 0.079 0.1
59 0.0824 0.1
60 0.0906 0.125
61 0.0801 0.1
62 0.0756 0.0833
63 0.0737 0.1
64 0.0754 0.1
65 0.0702 0.0833
66 0.0674 0.0714
67 0.0693 0.0833
68 0.0689 0.1
69 0.0708 0.0833
70 0.0708 0.0833
71 0.0726 0.0833
72 0.0727 0.1
73 0.0798 0.1
74 0.0776 0.1
75 0.0815 0.1
76 0.0734 0.0833
77 0.0675 0.0833
78 0.0638 0.0714
79 0.067 0.0714
80 0.0701 0.0833
81 0.067 0.0833
82 0.062 0.0714
83 0.0568 0.0625
84 0.0556 0.0714
85 0.0589 0.0833
86 0.0614 0.0833
87 0.0694 0.0833
88 0.0692 0.1
89 0.0692 0.0833
90 0.0703 0.0833
91 0.0688 0.0833
92 0.0708 0.0833
93 0.0697 0.0833
94 0.0824 0.1
95 0.0789 0.0833
96 0.071 0.0833
97 0.0652 0.0714
98 0.0643 0.0714
99 0.0652 0.0714
100 0.0717 0.0833
101 0.0751 0.1
102 0.0714 0.1
103 0.0675 0.0833
104 0.0618 0.0833
105 0.0615 0.0714
106 0.061 0.0714
107 0.0625 0.0625
108 0.0661 0.0714
109 0.0765 0.0833
110 0.0758 0.1
111 0.0753 0.0833
112 0.076 0.1
113 0.0744 0.0833
114 0.0705 0.0833
115 0.0693 0.0833
116 0.069 0.0833
117 0.0714 0.0833
118 0.0693 0.0833
119 0.0875 0.1
120 0.0979 0.125
121 0.091 0.1
122 0.0814 0.1
123 0.0786 0.0833
124 0.0821 0.0833
125 0.0803 0.1
126 0.086 0.125
127 0.071 0.0833
128 0.0713 0.0833
129 0.0755 0.1
130 0.0765 0.0833
131 0.0701 0.0833
132 0.0726 0.0833
133 0.0689 0.0714
134 0.0665 0.0714
135 0.0618 0.0625
136 0.0603 0.0714
137 0.0606 0.0833
138 0.0646 0.1
139 0.0722 0.1
140 0.068 0.0833
141 0.0673 0.0833
142 0.0744 0.0833
143 0.0753 0.0833
144 0.0765 0.0833
145 0.0692 0.0833
146 0.071 0.1
147 0.0683 0.0833
148 0.0743 0.1
149 0.0692 0.0833
150 0.072 0.0833
151 0.0696 0.0714
152 0.0729 0.0833
153 0.0708 0.0833
154 0.0741 0.0833
155 0.0827 0.1
156 0.0794 0.1
157 0.0856 0.1
158 0.0764 0.0833
159 0.0719 0.1
160 0.0708 0.0833
161 0.0722 0.1
162 0.0738 0.0833
163 0.0744 0.0833
164 0.0681 0.0714
165 0.0635 0.0833
166 0.0693 0.1
167 0.0733 0.0833
168 0.077 0.0833
169 0.0738 0.0833
170 0.0746 0.1
171 0.0731 0.1
172 0.0839 0.125
173 0.0914 0.1
174 0.1 0.125
175 0.0955 0.1
176 0.0893 0.1
177 0.0831 0.1
178 0.0814 0.1
179 0.086 0.1
180 0.0779 0.1
181 0.0773 0.1
182 0.078 0.0833
183 0.0825 0.1
184 0.0771 0.1
185 0.0827 0.125
186 0.0868 0.167
187 0.102 0.125
188 0.1 0.1
189 0.117 0.125
190 0.114 0.125
191 0.104 0.125
192 0.0926 0.125
193 0.125 0.167
194 0.221 0.25
195 0.144 0.167
196 0.111 0.125
197 0.0967 0.125
198 0.0913 0.125
199 0.102 0.125
200 0.101 0.167
201 0.108 0.125
202 0.0996 0.125
203 0.0819 0.1
204 0.079 0.1
205 0.0805 0.1
206 0.0881 0.1
207 0.0842 0.1
208 0.0808 0.1
209 0.0726 0.0833
210 0.064 0.0714
211 0.0625 0.0833
212 0.0739 0.1
213 0.0848 0.1
214 0.0879 0.1
215 0.0815 0.125
216 0.0883 0.167
217 0.0993 0.125
218 0.0921 0.125
219 0.0879 0.1
220 0.0919 0.125
221 0.133 0.167
222 0.108 0.125
223 0.0988 0.125
224 0.1 0.125
225 0.105 0.167
226 0.104 0.167
227 0.115 0.167
228 0.12 0.167
229 0.0964 0.125
230 0.088 0.1
231 0.095 0.125
232 0.0843 0.1
233 0.0996 0.125
234 0.0993 0.125
235 0.0968 0.125
236 0.0958 0.125
237 0.0939 0.167
238 0.0899 0.125
239 0.115 0.167
240 0.112 0.125
241 0.115 0.125
242 0.104 0.125
243 0.0976 0.167
244 0.106 0.25
245 0.113 0.167
246 0.104 0.125
247 0.102 0.125
248 0.098 0.125
249 0.0873 0.125
250 0.081 0.1
251 0.0783 0.1
252 0.0792 0.125
253 0.0759 0.125
254 0.0696 0.0714
255 0.0701 0.0833
256 0.0674 0.0714
257 0.0689 0.0714
258 0.0741 0.0833
259 0.0807 0.1
260 0.0823 0.125
261 0.0814 0.125
262 0.0805 0.1
263 0.0814 0.1
264 0.0889 0.1
265 0.0919 0.125
266 0.0998 0.125
267 0.149 0.167
268 0.175 0.25
269 0.147 0.167
270 0.138 0.167
271 0.113 0.125
272 0.127 0.167
273 0.108 0.125
274 0.0886 0.1
275 0.0789 0.0833
276 0.081 0.0833
277 0.0726 0.0833
278 0.0738 0.0833
279 0.0789 0.0833
280 0.0794 0.1
281 0.077 0.1
282 0.0783 0.125
283 0.075 0.1
284 0.0785 0.1
285 0.0778 0.1
286 0.0822 0.1
287 0.081 0.0833
288 0.0798 0.0833
289 0.0862 0.1
290 0.081 0.0833
291 0.0789 0.0833
292 0.0698 0.0714
293 0.0713 0.0833
294 0.0761 0.0833
295 0.0817 0.1
296 0.0848 0.1
297 0.0889 0.1
298 0.0918 0.125
299 0.0964 0.125
300 0.0905 0.1
301 0.0899 0.125
302 0.0919 0.167
303 0.0831 0.1
304 0.0981 0.125
305 0.108 0.167
306 0.101 0.125
307 0.0955 0.1
308 0.0938 0.125
309 0.0926 0.1
310 0.0938 0.1
311 0.0938 0.1
312 0.0939 0.125
313 0.0863 0.167
314 0.104 0.25
315 0.0869 0.167
316 0.111 0.167
317 0.101 0.125
318 0.12 0.167
319 0.145 0.167
320 0.162 0.25
321 0.127 0.167
322 0.112 0.125
323 0.101 0.125
324 0.0983 0.125
325 0.0967 0.125
326 0.0933 0.125
327 0.0888 0.1
328 0.086 0.1
329 0.0767 0.1
330 0.0813 0.125
331 0.106 0.167
332 0.0866 0.125
333 0.0849 0.1
334 0.0714 0.0833
335 0.0691 0.0833
336 0.0707 0.0833
337 0.0662 0.0833
338 0.0673 0.0833
339 0.0652 0.0714
340 0.0663 0.0714
341 0.0713 0.0833
342 0.0777 0.0833
343 0.0723 0.0833
344 0.0647 0.0714
345 0.062 0.0714
346 0.0592 0.0714
347 0.0609 0.0714
348 0.0603 0.0714
349 0.0576 0.0714
350 0.0632 0.0833
351 0.0695 0.1
352 0.075 0.125
353 0.0751 0.125
354 0.071 0.1
355 0.0624 0.1
356 0.0597 0.0625
357 0.0603 0.0714
358 0.0674 0.0833
359 0.0688 0.0833
360 0.067 0.0714
361 0.0679 0.0714
362 0.0687 0.0833
363 0.0647 0.0833
364 0.066 0.1
365 0.0601 0.0833
366 0.0601 0.0714
367 0.0619 0.0714
368 0.0616 0.0833
369 0.0608 0.0714
370 0.0649 0.0833
371 0.0709 0.0833
372 0.077 0.1
373 0.0708 0.0833
374 0.0738 0.0833
375 0.067 0.0714
376 0.0683 0.0714
377 0.0678 0.0833
378 0.071 0.0833
379 0.0651 0.0714
380 0.0671 0.0833
381 0.0724 0.0833
382 0.0769 0.1
383 0.0735 0.1
384 0.092 0.125
385 0.0951 0.125
386 0.0941 0.125
387 0.0837 0.1
388 0.0724 0.1
389 0.0741 0.1
390 0.0714 0.0833
391 0.0775 0.1
392 0.0774 0.125
393 0.0725 0.1
394 0.0718 0.1
395 0.0716 0.0833
396 0.0689 0.1
397 0.0642 0.0714
398 0.0687 0.0833
399 0.0806 0.1
400 0.0813 0.125
401 0.0652 0.0833
402 0.0722 0.1
403 0.0832 0.1
404 0.0912 0.125
405 0.0858 0.125
406 0.0892 0.1
407 0.0831 0.1
408 0.0822 0.125
409 0.0709 0.0833
410 0.0711 0.0833
411 0.0761 0.1
412 0.0786 0.1
413 0.0827 0.1
414 0.0737 0.1
415 0.0793 0.1
416 0.0853 0.125
417 0.086 0.1
418 0.0798 0.0833
419 0.0762 0.0833
420 0.0737 0.1
421 0.0744 0.125
422 0.0729 0.125
423 0.0783 0.125
424 0.0802 0.125
425 0.0794 0.125
426 0.0849 0.167
427 0.0926 0.167
428 0.0895 0.125
429 0.0832 0.1
430 0.0834 0.1
431 0.0846 0.1
432 0.0843 0.1
433 0.0814 0.1
434 0.0818 0.1
435 0.0806 0.1
436 0.0776 0.1
437 0.0884 0.1
438 0.0844 0.125
439 0.0902 0.125
440 0.0942 0.167
441 0.0787 0.1
442 0.088 0.125
443 0.0921 0.1
444 0.0967 0.125
445 0.0893 0.1
446 0.0821 0.0833
447 0.0814 0.1
448 0.0801 0.1
449 0.0804 0.1
450 0.0848 0.1
451 0.0881 0.125
452 0.0924 0.167
453 0.102 0.125
454 0.114 0.125
455 0.0938 0.1
456 0.0917 0.1
457 0.081 0.0833
458 0.0774 0.0833
459 0.0783 0.1
460 0.0843 0.125
461 0.0801 0.1
462 0.077 0.0833
463 0.0822 0.1
464 0.0776 0.125
465 0.0733 0.1
466 0.0715 0.0833
467 0.0692 0.0833
468 0.0732 0.0833
469 0.0753 0.0833
470 0.076 0.1
471 0.0729 0.0833
472 0.0738 0.0833
473 0.0699 0.0833
474 0.0735 0.1
475 0.0826 0.1
476 0.084 0.1
477 0.0738 0.0833
478 0.0738 0.0833
479 0.0741 0.0833
480 0.0729 0.0833
481 0.0679 0.0714
482 0.0634 0.0714
483 0.0618 0.0625
484 0.0635 0.0714
485 0.0654 0.0714
486 0.0662 0.0833
487 0.0656 0.0833
488 0.0602 0.0714
489 0.065 0.0714
490 0.0687 0.0833
491 0.0714 0.0833
492 0.0694 0.0833
493 0.0674 0.0714
494 0.0661 0.0714
495 0.0611 0.0625
496 0.0661 0.0714
497 0.0729 0.0833
498 0.0757 0.1
499 0.0684 0.0833
500 0.0693 0.0833
501 0.0659 0.0833
502 0.0676 0.0833
503 0.0656 0.0714
504 0.0636 0.0714
505 0.0592 0.0714
506 0.062 0.0714
507 0.0611 0.0833
508 0.069 0.1
509 0.0757 0.0833
510 0.0817 0.1
511 0.0863 0.1
512 0.0875 0.125
513 0.0812 0.1
514 0.0839 0.125
515 0.0767 0.1
516 0.0738 0.0833
517 0.0829 0.1
518 0.0815 0.1
519 0.0746 0.0833
520 0.0753 0.0833
521 0.0758 0.1
522 0.0771 0.1
523 0.0762 0.1
524 0.0788 0.1
525 0.0756 0.1
526 0.0719 0.1
527 0.0749 0.1
528 0.0752 0.125
529 0.0698 0.1
530 0.075 0.0833
531 0.0762 0.0833
532 0.0796 0.1
533 0.0811 0.1
534 0.0793 0.1
535 0.082 0.125
536 0.0773 0.125
537 0.0818 0.125
538 0.114 0.167
539 0.119 0.167
540 0.152 0.25
541 0.123 0.167
542 0.103 0.125
543 0.106 0.125
544 0.102 0.125
545 0.0958 0.125
546 0.112 0.167
547 0.102 0.125
548 0.0946 0.125
549 0.0836 0.1
550 0.0833 0.0833
551 0.0802 0.1
552 0.0815 0.125
553 0.0852 0.1
554 0.0917 0.1
555 0.0876 0.1
556 0.0992 0.125
557 0.0885 0.125
558 0.0802 0.1
559 0.0761 0.1
560 0.0802 0.1
561 0.0831 0.1
562 0.0921 0.125
563 0.0838 0.1
564 0.0807 0.1
565 0.0773 0.1
566 0.0789 0.125
567 0.0745 0.1
568 0.0827 0.1
569 0.0769 0.1
570 0.0827 0.125
571 0.078 0.125
572 0.0885 0.167
573 0.095 0.125
574 0.0857 0.1
575 0.0718 0.1
576 0.063 0.0833
577 0.0724 0.1
578 0.0706 0.1
579 0.0767 0.1
580 0.0825 0.125
581 0.0739 0.1
582 0.0717 0.0833
583 0.0732 0.0833
584 0.0827 0.1
585 0.0872 0.1
586 0.0761 0.1
587 0.0848 0.125
588 0.0901 0.167
589 0.0847 0.125
590 0.0873 0.125
591 0.0944 0.125
592 0.0972 0.125
593 0.104 0.125
594 0.103 0.125
595 0.0967 0.1
596 0.0843 0.1
597 0.0779 0.1
598 0.0848 0.125
599 0.0818 0.125
600 0.0823 0.1
601 0.0785 0.1
602 0.0788 0.125
603 0.0836 0.1
604 0.0785 0.0833
605 0.0665 0.0714
606 0.0687 0.0833
607 0.0676 0.1
608 0.0819 0.125
609 0.0722 0.125
610 0.0762 0.1
611 0.0758 0.0833
612 0.0807 0.1
613 0.0767 0.1
614 0.0832 0.1
615 0.0775 0.1
616 0.0802 0.1
617 0.0708 0.0833
618 0.0765 0.0833
619 0.0777 0.1
620 0.078 0.1
621 0.0827 0.1
622 0.0848 0.125
623 0.0877 0.125
624 0.0823 0.1
625 0.0868 0.1
626 0.0856 0.125
627 0.0942 0.167
628 0.092 0.125
629 0.0797 0.1
630 0.0815 0.125
631 0.0796 0.125
632 0.0777 0.1
633 0.0703 0.1
634 0.0636 0.0833
635 0.0681 0.1
636 0.0802 0.1
637 0.0964 0.125
638 0.0934 0.167
639 0.0862 0.125
640 0.0882 0.1
641 0.0802 0.1
642 0.0828 0.125
643 0.0848 0.1
644 0.0906 0.125
645 0.0865 0.1
646 0.0759 0.0833
647 0.0782 0.1
648 0.0746 0.1
649 0.0773 0.1
650 0.0729 0.0833
651 0.0723 0.1
652 0.0683 0.0714
653 0.0654 0.0714
654 0.0672 0.0714
655 0.0695 0.0833
656 0.0676 0.1
657 0.0682 0.1
658 0.069 0.0833
659 0.0655 0.0833
660 0.0607 0.0833
661 0.0606 0.0714
662 0.0719 0.0833
663 0.0773 0.1
664 0.0716 0.1
665 0.0709 0.1
666 0.0777 0.0833
667 0.069 0.0833
668 0.0639 0.0833
669 0.0606 0.0714
670 0.0645 0.0714
671 0.0648 0.0833
672 0.0616 0.0833
673 0.0579 0.0625
674 0.0558 0.0625
675 0.0592 0.0625
676 0.0617 0.0714
677 0.0604 0.0625
678 0.0576 0.0625
679 0.0576 0.0625
680 0.0627 0.0714
681 0.0674 0.0833
682 0.0759 0.1
683 0.0746 0.0833
684 0.0752 0.0833
685 0.0725 0.1
686 0.0728 0.1
687 0.0753 0.0833
688 0.0735 0.0833
689 0.0665 0.0714
690 0.065 0.0714
691 0.0613 0.0714
692 0.0627 0.0714
693 0.0625 0.0625
694 0.0645 0.0714
695 0.0726 0.0833
696 0.081 0.0833
697 0.0768 0.0833
698 0.0817 0.1
699 0.0774 0.0833
700 0.0774 0.1
701 0.0791 0.125
702 0.0921 0.167
703 0.0786 0.125
704 0.0699 0.0833
705 0.0688 0.0714
706 0.0692 0.0833
707 0.0643 0.0714
708 0.0646 0.0833
709 0.0617 0.0714
710 0.0593 0.0833
711 0.0608 0.0714
712 0.058 0.0714
713 0.0547 0.0625
714 0.0547 0.0625
715 0.0563 0.0714
716 0.0588 0.0714
717 0.0577 0.0714
718 0.0593 0.0714
719 0.0611 0.0625
720 0.0597 0.0625
721 0.0556 0.0556
722 0.0604 0.0625
723 0.0634 0.0714
724 0.0638 0.0714
725 0.0614 0.0714
726 0.0632 0.0833
727 0.0638 0.0833
728 0.0668 0.0833
729 0.0639 0.1
730 0.06 0.1
731 0.0646 0.125
732 0.0791 0.125
733 0.102 0.167
734 0.105 0.25
735 0.114 0.167
736 0.104 0.125
737 0.107 0.167
738 0.108 0.167
739 0.109 0.125
740 0.108 0.167
741 0.107 0.167
742 0.117 0.167
743 0.101 0.125
744 0.0896 0.125
745 0.0872 0.167
746 0.101 0.25
747 0.0961 0.167
748 0.0997 0.125
749 0.0975 0.125
750 0.0988 0.125
751 0.1 0.1
752 0.09 0.1
753 0.081 0.0833
754 0.0759 0.0833
755 0.0785 0.1
756 0.0756 0.125
757 0.0733 0.1
758 0.0795 0.125
759 0.0746 0.1
760 0.0851 0.1
761 0.0812 0.125
762 0.0858 0.125
763 0.0851 0.1
764 0.0888 0.1
765 0.0843 0.1
766 0.078 0.125
767 0.0643 0.0714
768 0.067 0.0714
769 0.0707 0.0833
770 0.0789 0.0833
771 0.0764 0.0833
772 0.0766 0.1
773 0.0722 0.0833
774 0.0706 0.0833
775 0.07 0.0833
776 0.0733 0.0833
777 0.0689 0.0714
778 0.069 0.0833
779 0.062 0.0714
780 0.0663 0.0833
781 0.0689 0.0714
782 0.0757 0.0833
783 0.0729 0.0833
784 0.0707 0.0833
785 0.0715 0.1
786 0.0678 0.0833
787 0.0795 0.1
788 0.0826 0.1
789 0.0786 0.0833
790 0.0848 0.1
791 0.075 0.0833
792 0.0736 0.0833
793 0.0717 0.0833
794 0.0786 0.0833
795 0.08 0.1
796 0.0847 0.125
797 0.0855 0.1
798 0.0888 0.1
799 0.0807 0.1
800 0.0762 0.0833
801 0.0807 0.1
802 0.0741 0.0833
803 0.0714 0.0714
804 0.0765 0.0833
805 0.0746 0.1
806 0.0813 0.125
807 0.0807 0.1
808 0.0805 0.1
809 0.0777 0.1
810 0.0762 0.0833
811 0.0741 0.0833
812 0.0764 0.1
813 0.0728 0.0833
814 0.075 0.1
815 0.0782 0.1
816 0.108 0.125
817 0.0975 0.125
818 0.0958 0.125
819 0.0802 0.1
820 0.0798 0.1
821 0.0872 0.1
822 0.0938 0.1
823 0.0833 0.0833
824 0.0848 0.1
825 0.0824 0.1
826 0.0773 0.1
827 0.0832 0.1
828 0.0947 0.125
829 0.0905 0.1
830 0.0851 0.1
831 0.0708 0.0833
832 0.0735 0.0833
833 0.078 0.0833
834 0.0796 0.1
835 0.0823 0.125
836 0.0775 0.125
837 0.0725 0.1
838 0.0696 0.0833
839 0.0726 0.0833
840 0.0735 0.0833
841 0.0794 0.1
842 0.082 0.125
843 0.0801 0.1
844 0.0838 0.1
845 0.0802 0.1
846 0.0779 0.1
847 0.0771 0.1
848 0.0792 0.125
849 0.076 0.1
850 0.0759 0.1
851 0.072 0.0833
852 0.0702 0.0833
853 0.0673 0.0833
854 0.0654 0.0833
855 0.0643 0.0833
856 0.0551 0.0714
857 0.0523 0.0625
858 0.0582 0.0714
859 0.0644 0.0833
860 0.0672 0.1
861 0.0733 0.1
862 0.0749 0.1
863 0.069 0.0833
864 0.0666 0.0714
865 0.0691 0.0833
866 0.0759 0.0833
867 0.0754 0.1
868 0.0747 0.0833
869 0.0778 0.1
870 0.0803 0.1
871 0.0823 0.1
872 0.0811 0.1
873 0.081 0.0833
874 0.0821 0.1
875 0.0777 0.0833
876 0.0783 0.1
877 0.0729 0.0833
878 0.0701 0.0833
879 0.0693 0.0833
880 0.0709 0.1
881 0.0696 0.0833
882 0.0674 0.0714
883 0.0681 0.0714
884 0.0692 0.0833
885 0.0698 0.1
886 0.0698 0.0833
887 0.075 0.1
888 0.0855 0.1
889 0.0827 0.125
890 0.0804 0.125
891 0.0777 0.1
892 0.0707 0.1
893 0.0708 0.0833
894 0.079 0.1
895 0.0665 0.0833
896 0.0694 0.0833
897 0.0684 0.0833
898 0.0762 0.1
899 0.076 0.1
900 0.0654 0.0833
901 0.065 0.0833
902 0.0675 0.1
903 0.0728 0.1
904 0.0737 0.0833
905 0.0695 0.1
906 0.0829 0.125
907 0.0871 0.1
908 0.0862 0.1
909 0.0777 0.0833
910 0.0767 0.1
911 0.0725 0.1
912 0.0765 0.1
913 0.0973 0.125
914 0.103 0.167
915 0.101 0.125
916 0.104 0.125
917 0.104 0.125
918 0.108 0.125
919 0.138 0.167
920 0.163 0.167
921 0.143 0.167
922 0.153 0.25
923 0.143 0.167
924 0.12 0.125
925 0.119 0.167
926 0.107 0.167
927 0.101 0.125
928 0.118 0.167
929 0.108 0.125
930 0.0955 0.1
931 0.0933 0.1
932 0.0992 0.125
933 0.109 0.167
934 0.153 0.25
935 0.127 0.167
936 0.108 0.125
937 0.106 0.125
938 0.1 0.125
939 0.095 0.1
940 0.0867 0.1
941 0.0783 0.1
942 0.0783 0.1
943 0.0804 0.125
944 0.0927 0.167
945 0.0857 0.125
946 0.0806 0.1
947 0.0839 0.1
948 0.0776 0.1
949 0.071 0.0833
950 0.0714 0.0833
951 0.0768 0.0833
952 0.086 0.1
953 0.0717 0.0833
954 0.0701 0.0833
955 0.064 0.0714
956 0.0734 0.0833
957 0.0831 0.1
958 0.085 0.1
959 0.0938 0.1
960 0.0871 0.1
961 0.0852 0.1
962 0.0896 0.125
963 0.0827 0.125
964 0.0702 0.0833
965 0.0774 0.0833
966 0.0831 0.1
967 0.0783 0.1
968 0.0722 0.125
969 0.0758 0.1
970 0.0886 0.1
971 0.085 0.1
972 0.0917 0.125
973 0.0881 0.1
974 0.0852 0.1
975 0.0798 0.1
976 0.086 0.125
977 0.0855 0.1
978 0.084 0.1
979 0.0738 0.1
980 0.0748 0.1
981 0.0744 0.1
982 0.0779 0.1
983 0.0758 0.1
984 0.0893 0.125
985 0.0829 0.1
986 0.0796 0.1
987 0.0738 0.1
988 0.0737 0.125
989 0.0631 0.0714
990 0.0656 0.0714
991 0.0673 0.0833
992 0.0718 0.1
993 0.0735 0.0833
994 0.078 0.1
995 0.0761 0.1
996 0.0717 0.0833
997 0.0732 0.0833
998 0.0801 0.1
999 0.0695 0.0833
1000 0.073 0.1
1001 0.0816 0.1
1002 0.0976 0.125
1003 0.0918 0.167
1004 0.0807 0.125
1005 0.076 0.1
1006 0.0846 0.1
1007 0.0804 0.1
1008 0.0871 0.125
1009 0.0846 0.1
1010 0.0955 0.1
1011 0.0935 0.125
1012 0.0948 0.167
1013 0.0929 0.125
1014 0.0902 0.125
1015 0.103 0.125
1016 0.0967 0.167
1017 0.0807 0.1
1018 0.086 0.1
1019 0.0819 0.1
1020 0.0802 0.1
1021 0.0785 0.1
1022 0.0848 0.125
1023 0.0764 0.0833
1024 0.0698 0.0714
1025 0.0636 0.0714
1026 0.0594 0.0714
1027 0.059 0.0625
1028 0.0597 0.0625
1029 0.061 0.0714
1030 0.0607 0.0833
1031 0.0636 0.0714
1032 0.0585 0.0625
1033 0.055 0.0556
1034 0.057 0.0625
1035 0.0597 0.0625
1036 0.0597 0.0625
1037 0.0581 0.0714
1038 0.0579 0.0714
1039 0.0585 0.0625
1040 0.0576 0.0625
1041 0.0604 0.0625
1042 0.0599 0.0714
1043 0.0585 0.0625
1044 0.0615 0.0714
1045 0.0601 0.0714
1046 0.0606 0.0833
1047 0.0647 0.0833
1048 0.0665 0.0714
1049 0.0701 0.0833
1050 0.07 0.1
1051 0.0662 0.1
1052 0.0643 0.0833
1053 0.0705 0.0833
1054 0.0696 0.1
1055 0.0693 0.0833
1056 0.0692 0.0833
1057 0.0679 0.0714
1058 0.0634 0.0714
1059 0.0629 0.0714
1060 0.0684 0.0833
1061 0.071 0.0833
1062 0.0768 0.0833
1063 0.0784 0.1
1064 0.0872 0.125
1065 0.0755 0.1
1066 0.0771 0.1
1067 0.0786 0.0833
1068 0.0762 0.0833
1069 0.0743 0.1
1070 0.0788 0.1
1071 0.0757 0.1
1072 0.0765 0.0833
1073 0.0839 0.1
1074 0.0884 0.125
1075 0.0823 0.1
1076 0.076 0.125
1077 0.0756 0.1
1078 0.0772 0.0833
1079 0.0838 0.1
1080 0.0905 0.1
1081 0.0872 0.1
1082 0.0841 0.125
1083 0.097 0.125
1084 0.0932 0.125
1085 0.0914 0.167
1086 0.1 0.25
1087 0.119 0.167
1088 0.108 0.125
1089 0.0996 0.125
1090 0.0926 0.125
1091 0.1 0.125
1092 0.0971 0.125
1093 0.0919 0.125
1094 0.0809 0.1
1095 0.0774 0.0833
1096 0.0795 0.1
1097 0.0824 0.1
1098 0.0786 0.125
1099 0.0778 0.1
1100 0.0739 0.1
1101 0.0777 0.0833
1102 0.0795 0.1
1103 0.072 0.0833
1104 0.0698 0.0714
1105 0.0717 0.0833
1106 0.0726 0.0833
1107 0.0666 0.0833
1108 0.0762 0.1
1109 0.0885 0.125
1110 0.0865 0.125
1111 0.0736 0.1
1112 0.0821 0.125
1113 0.0684 0.0833
1114 0.0725 0.0833
1115 0.0685 0.0833
1116 0.0662 0.1
1117 0.0671 0.0833
1118 0.0774 0.1
1119 0.0832 0.1
1120 0.0852 0.125
1121 0.0839 0.125
1122 0.0869 0.125
1123 0.0931 0.125
1124 0.11 0.167
1125 0.101 0.125
1126 0.095 0.1
1127 0.0921 0.1
1128 0.0967 0.1
1129 0.0826 0.1
1130 0.0779 0.1
1131 0.0673 0.0833
1132 0.0655 0.0833
1133 0.0664 0.0833
1134 0.0666 0.1
1135 0.0689 0.1
1136 0.0691 0.1
1137 0.0618 0.0833
1138 0.0615 0.0833
1139 0.0711 0.0833
1140 0.078 0.1
1141 0.0664 0.0833
1142 0.0712 0.1
1143 0.0636 0.0714
1144 0.0652 0.0714
1145 0.0643 0.0714
1146 0.0671 0.0833
1147 0.0693 0.1
1148 0.0694 0.1
1149 0.0715 0.0833
1150 0.074 0.0833
1151 0.0722 0.0833
1152 0.0819 0.1
1153 0.0867 0.1
1154 0.0838 0.1
1155 0.0786 0.0833
1156 0.0788 0.1
1157 0.0744 0.0833
1158 0.0685 0.0833
1159 0.065 0.0833
1160 0.0691 0.1
1161 0.0681 0.0714
1162 0.0685 0.0833
1163 0.061 0.0714
1164 0.0656 0.0833
1165 0.0654 0.0714
1166 0.0613 0.0714
1167 0.0621 0.0833
1168 0.0631 0.1
1169 0.0618 0.1
1170 0.0574 0.0714
1171 0.0502 0.0625
1172 0.0525 0.0556
1173 0.0494 0.0625
1174 0.0498 0.0556
1175 0.0509 0.0625
1176 0.0542 0.0714
1177 0.0534 0.0625
1178 0.059 0.0625
1179 0.0625 0.0714
1180 0.0647 0.0833
1181 0.0596 0.0714
1182 0.0629 0.0714
1183 0.0626 0.0714
1184 0.0595 0.0714
1185 0.062 0.0714
1186 0.0631 0.0714
1187 0.0693 0.0833
1188 0.0723 0.1
1189 0.0668 0.0714
1190 0.0648 0.0714
1191 0.0637 0.0833
1192 0.0629 0.0833
1193 0.0657 0.0833
1194 0.0681 0.1
1195 0.0664 0.0833
1196 0.0633 0.0714
1197 0.0655 0.0833
1198 0.0757 0.1
1199 0.0738 0.0833
1200 0.0729 0.0833
1201 0.0699 0.0833
1202 0.0749 0.1
1203 0.0792 0.0833
1204 0.0848 0.1
1205 0.0814 0.1
1206 0.079 0.125
1207 0.0771 0.1
1208 0.0771 0.1
1209 0.0776 0.1
1210 0.0803 0.1
1211 0.076 0.1
1212 0.0788 0.125
1213 0.0948 0.167
1214 0.14 0.25
1215 0.127 0.167
1216 0.12 0.125
1217 0.11 0.125
1218 0.115 0.125
1219 0.095 0.125
1220 0.0821 0.0833
1221 0.0726 0.0833
1222 0.0717 0.0833
1223 0.0708 0.0833
1224 0.0685 0.0833
1225 0.0707 0.0833
1226 0.0737 0.1
1227 0.0744 0.0833
1228 0.0779 0.1
1229 0.0783 0.1
1230 0.0773 0.1
1231 0.083 0.1
1232 0.0771 0.1
1233 0.0787 0.1
1234 0.0732 0.0833
1235 0.0698 0.1
1236 0.0816 0.125
1237 0.122 0.167
1238 0.128 0.167
1239 0.118 0.167
1240 0.114 0.167
1241 0.111 0.125
1242 0.111 0.167
1243 0.124 0.167
1244 0.12 0.167
1245 0.1 0.167
1246 0.117 0.25
1247 0.113 0.167
1248 0.108 0.167
1249 0.126 0.167
1250 0.127 0.167
1251 0.138 0.167
1252 0.156 0.25
1253 0.129 0.167
1254 0.113 0.167
1255 0.106 0.125
1256 0.0975 0.125
1257 0.0968 0.125
1258 0.0971 0.1
1259 0.0921 0.1
1260 0.0826 0.1
1261 0.0819 0.1
1262 0.0839 0.1
1263 0.0796 0.1
1264 0.0714 0.0714
1265 0.0699 0.0833
1266 0.0722 0.0833
1267 0.0694 0.0833
1268 0.0732 0.1
1269 0.0778 0.0833
1270 0.0883 0.1
1271 0.0785 0.0833
1272 0.0688 0.0714
1273 0.0664 0.0833
1274 0.0638 0.0833
1275 0.0689 0.0833
1276 0.0753 0.1
1277 0.07 0.0833
1278 0.0661 0.0714
1279 0.0632 0.0714
1280 0.0618 0.0714
1281 0.0749 0.0833
1282 0.0765 0.0833
1283 0.0738 0.1
1284 0.0786 0.125
1285 0.0786 0.1
1286 0.0759 0.0833
1287 0.0734 0.1
1288 0.0741 0.1
1289 0.0675 0.0833
1290 0.0621 0.0714
1291 0.0608 0.0714
1292 0.0629 0.0714
1293 0.0647 0.0714
1294 0.0652 0.0833
1295 0.0591 0.0714
1296 0.0695 0.0833
1297 0.0881 0.1
1298 0.107 0.125
1299 0.117 0.125
1300 0.112 0.125
1301 0.13 0.167
1302 0.157 0.25
1303 0.149 0.167
1304 0.16 0.25
1305 0.154 0.167
1306 0.127 0.167
1307 0.108 0.125
1308 0.113 0.125
1309 0.0925 0.125
1310 0.0933 0.167
1311 0.0939 0.125
1312 0.081 0.1
1313 0.0731 0.1
1314 0.0744 0.1
1315 0.0708 0.0833
1316 0.0738 0.1
1317 0.0712 0.0833
1318 0.0739 0.1
1319 0.0678 0.0833
1320 0.0599 0.0714
1321 0.0592 0.0714
1322 0.061 0.0714
1323 0.0584 0.0714
1324 0.0584 0.0714
1325 0.0551 0.0714
1326 0.0518 0.0556
1327 0.0524 0.0556
1328 0.0534 0.0625
1329 0.0543 0.0625
1330 0.0563 0.0714
1331 0.0549 0.0625
1332 0.0567 0.0714
1333 0.0568 0.0714
1334 0.0602 0.0714
1335 0.0583 0.0833
1336 0.0668 0.1
1337 0.075 0.1
1338 0.0721 0.0833
1339 0.066 0.0833
1340 0.064 0.0714
1341 0.0608 0.0714
1342 0.0621 0.0833
1343 0.0627 0.0714
1344 0.0626 0.0714
1345 0.0606 0.0714
1346 0.0596 0.0714
1347 0.0633 0.0833
1348 0.062 0.0714
1349 0.0626 0.0714
1350 0.0592 0.0714
1351 0.0594 0.0714
1352 0.0642 0.0833
1353 0.0619 0.0833
1354 0.0527 0.0714
1355 0.0486 0.0556
1356 0.0511 0.0625
1357 0.05 0.0714
1358 0.051 0.0556
1359 0.0464 0.05
1360 0.0464 0.05
1361 0.0482 0.05
1362 0.0497 0.0556
1363 0.0508 0.0556
1364 0.0524 0.0625
1365 0.0528 0.0556
1366 0.056 0.0625
1367 0.0538 0.0625
1368 0.0531 0.0625
1369 0.0515 0.0625
1370 0.0554 0.0625
1371 0.0572 0.0714
1372 0.0592 0.0625
1373 0.0633 0.0714
1374 0.0655 0.0833
1375 0.0651 0.0714
1376 0.0641 0.0833
1377 0.064 0.0714
1378 0.0655 0.0833
1379 0.0693 0.0833
1380 0.0698 0.1
1381 0.0664 0.0833
1382 0.068 0.0833
1383 0.0668 0.0833
1384 0.0712 0.1
1385 0.0717 0.0833
1386 0.0747 0.0833
1387 0.0721 0.1
1388 0.0842 0.125
1389 0.0877 0.125
1390 0.0814 0.1
1391 0.079 0.1
1392 0.0864 0.125
1393 0.114 0.167
1394 0.155 0.25
1395 0.145 0.167
1396 0.141 0.167
1397 0.121 0.167
1398 0.133 0.25
1399 0.115 0.167
1400 0.115 0.25
1401 0.108 0.167
1402 0.088 0.125
1403 0.0825 0.1
1404 0.083 0.125
1405 0.0829 0.1
1406 0.0821 0.0833
1407 0.0714 0.0714
1408 0.069 0.0833
1409 0.0664 0.0833
1410 0.0724 0.0833
1411 0.068 0.0833
1412 0.0667 0.0833
1413 0.0777 0.1
1414 0.092 0.125
1415 0.0907 0.167
1416 0.0814 0.125
1417 0.0826 0.125
1418 0.0732 0.125
1419 0.1 0.167
1420 0.122 0.25
1421 0.111 0.167
1422 0.1 0.167
1423 0.101 0.125
1424 0.0969 0.125
1425 0.0946 0.1
1426 0.106 0.125
1427 0.107 0.125
1428 0.102 0.125
1429 0.0817 0.1
1430 0.071 0.0833
1431 0.0727 0.1
1432 0.0782 0.1
1433 0.0755 0.1
1434 0.0828 0.1
1435 0.0782 0.1
1436 0.0755 0.0833
1437 0.0728 0.0833
1438 0.077 0.1
1439 0.0738 0.0833
1440 0.0741 0.0833
1441 0.0696 0.0833
1442 0.0731 0.1
1443 0.0702 0.0833
1444 0.0713 0.0833
1445 0.072 0.0833
1446 0.0679 0.0714
1447 0.0676 0.0833
1448 0.0692 0.1
1449 0.0705 0.0833
1450 0.0688 0.0833
1451 0.0705 0.0833
1452 0.0741 0.0833
1453 0.0696 0.0714
1454 0.0704 0.0833
1455 0.073 0.1
1456 0.0879 0.125
1457 0.0865 0.1
1458 0.0839 0.1
1459 0.0751 0.1
1460 0.0714 0.1
1461 0.0783 0.1
1462 0.0802 0.1
1463 0.0772